waypoints:
- latitude: -31.421771
  longitude: -64.102290
  yaw: 0.0
- latitude: -31.421828
  longitude: -64.102116
  yaw: 0.0
- latitude: -31.421799
  longitude: -64.101942
  yaw: 0.0

