waypoints:
- latitude: -31.429448094928727
  longitude: -64.104140996933
  yaw: 150.11546832594118
- latitude: -31.42953507462768
  longitude: -64.1042858362198
  yaw: -105.73074464760062
- latitude: -31.42963576535729
  longitude: -64.10411417484285
  yaw: 52.76875856006397
